version https://git-lfs.github.com/spec/v1
oid sha256:ce50e7ef0d5423bbf41127eb76ebb2fd4a268ca94f08fb9b1429664f2c0cca8a
size 34230
