Epoch: 1  | Loss training: 0.566  | NSE validation: 0.419  | LR:0.00100  | Training time: 2176.3  s
Epoch: 2  | Loss training: 0.515  | NSE validation: 0.437  | LR:0.00100  | Training time: 2177.3  s
Epoch: 3  | Loss training: 0.498  | NSE validation: 0.448  | LR:0.00100  | Training time: 2176.1  s
Epoch: 4  | Loss training: 0.487  | NSE validation: 0.460  | LR:0.00100  | Training time: 2176.9  s
